601191325
-1
-1
-1
84832646
1
3
260390786
-1
3
-1
3
0
283277562
4
807550372
5
668348200
7
7
684388241
41987060
6
41987060
250043065
924512937
795780976
8
935564688
795780976
569769041
850039278
569769041
10
279402452
949433145
7
279402452
10
7
397960225
397960225
569769041
11
397960225
722791831
277160418
13
9
11
830309346
11
830309346
16
722791831
722791831
333432522
17
866461906
607993201
445631414
462763446
542120277
568097847
507347628
10
648969383
425818650
18
86587940
673893352
20
425818650
20
21
692061336
94520155
16
20
400664270
16
94520155
237344973
15
15
20
63499972
104166507
125875987
441279396
820654142
22
23
666609508
96024760
96024760
101937926
125875987
22
479383676
27
293079205
479383676
877608551
293079205
301592136
833307417
23
301592136
301592136
301592136
479383676
479383676
470453690
301592136
24
470453690
766188258
25
25
158914226
814548573
25
814548573
158914226
33
26
158914226
25
958890662
331003420
360679075
26
360679075
370445576
26
958890662
26
40
370445576
27
370445576
237043545
40
31
958890662
958890662
42
838025827
838025827
33
45
838025827
44
90896587
90896587
35
35
46
35
25405525
47
25405525
49
49
37
25405525
54
57
878619357
57
43
25405525
43
25405525
25405525
972885230
878619357
878619357
47954511
878619357
150596244
875167244
150596244
199054280
875167244
200697938
45
864215264
46
862757129
862757129
62
49
63
40786234
40786234
52
65
40786234
52
862757129
862757129
64
53
851717078
851717078
54
64
64
40786234
78577365
87987044
54
851717078
156599224
200697938
200697938
91943139
65
157372181
851717078
41360717
850514092
913129028
66
60
60
938028173
66
63
913129028
828301788
828301788
65
39419005
67
69
814548573
74
65
940059301
75
79
41360717
41360717
79
41360717
41360717
814548573
766188258
743546227
743546227
33730442
51696774
85
743546227
86
846062505
74
846062505
45503653
743546227
741597976
730774460
726060102
82
21769105
81
11905690
730801312
11905690
83
63045407
63045407
63045407
784046957
66483831
66483831
66483831
111919267
115613276
987866003
970533474
88
970533474
27676556
100
89
27676556
751064194
726060102
91
726060102
115613276
115613276
115613276
726060102
95
112035907
918696215
95
95
133368268
133368268
104
95
918696215
918696215
105
133368268
133368268
918696215
918696215
133368268
133368268
150434200
96
918696215
808926840
127889092
150434200
98
744132841
110
724698938
781117116
153466860
153466860
724698938
153466860
153466860
115
104
964429615
117
168330719
176265432
784880338
784880338
176265432
723284139
107
119
107
176265432
723284139
141733472
109
173491196
173491196
173491196
125
130
130
908838112
908838112
830484178
830484178
830484178
31622567
819277451
819277451
757739390
117
935529763
118
723284139
118
118
31622567
100735968
173491196
134
840762147
750197460
173491196
722490747
720517845
131
873260997
131
123
123
123
126
135
955968464
29324778
29324778
139
140
140
131
29324778
29324778
135
135
28862037
28862037
29324778
62945090
136
136
916564402
62945090
137
146
916564402
62945090
145
140
819796012
140
32612590
146
718619364
6138834
149
6138834
144
145
6138834
146
983670404
983670404
849835369
155
718619364
148
714714722
9352103
702813194
697722113
947180602
22396161
22396161
153
22396161
22396161
38064853
155
922262033
154
922262033
901506760
38064853
60311956
153
901506760
158
160
160
901506760
160
62945090
78072624
113212518
901506760
161
113212518
996421218
112087052
112087052
112087052
884558348
162
851013271
161
162
112087052
162
163
837436333
837436333
158
686816170
686816170
686816170
113212518
164
113212518
158
961841721
146559726
686816170
146559726
166
158476965
158476965
804855655
158476965
161
176265432
780101921
161
780101921
161
176265432
161
122609542
