1000
1 2 601191325
2 2
2 1
2 2
1 2 84832646
2 1
3 2
4 2
1 2 181631508
1 1 260390786
1 2 116962566
4 2
2 1
2 1
4 2
3 1
4 2
4 1
1 1 935564688
1 2 283277562
1 1 668348200
2 2
1 2 807550372
1 1 924512937
4 2
2 2
1 2 568097847
1 2 684388241
4 2
1 2 110538971
1 2 425818650
2 1
4 2
4 2
1 1 250043065
1 1 41987060
2 2
3 1
4 2
1 2 795780976
2 1
2 1
2 1
3 2
1 2 569769041
4 2
2 1
1 1 755783832
1 2 116161842
2 2
1 1 727140372
3 2
1 2 850039278
2 2
3 2
1 1 860594479
1 1 279402452
1 2 949433145
1 1 397960225
1 2 96530370
1 1 542120277
4 2
3 1
1 1 692736693
2 2
4 1
1 1 445631414
2 1
1 2 95558983
4 2
1 2 400664270
4 1
3 1
3 1
1 2 140717257
2 2
4 2
2 1
1 1 277160418
1 2 722791831
3 2
1 1 333432522
1 2 378424649
1 1 673893352
2 1
4 2
1 2 356584515
1 1 747078584
1 2 830309346
1 2 148980654
4 1
1 1 462763446
1 1 949530266
4 1
3 2
4 1
1 1 648969383
2 2
1 2 282374604
4 2
3 2
2 2
2 1
1 2 866461906
1 2 181741703
4 2
2 2
1 2 607993201
1 2 507347628
1 2 177627181
2 2
2 1
1 2 80109206
1 1 792388089
2 1
2 1
2 2
2 2
1 1 899883477
4 1
2 1
1 1 86587940
1 2 116731472
3 2
4 2
2 1
1 2 35695073
3 1
1 1 610106057
1 2 105763102
4 2
1 1 331003420
1 2 57727380
1 1 996831671
2 2
4 2
1 1 472853427
1 1 564770561
1 1 301592136
1 2 692061336
4 2
1 1 94520155
2 2
3 1
4 1
4 2
1 2 33642785
2 2
4 1
2 1
1 1 237344973
2 1
4 1
4 1
1 1 104166507
4 2
1 1 416022302
1 2 441279396
1 1 63499972
2 1
1 1 125875987
1 1 798450399
2 1
3 1
1 1 293079205
1 1 96024760
3 2
1 2 362086418
1 2 820654142
1 1 605909740
1 1 567201234
2 2
4 2
1 2 666609508
4 2
2 2
1 2 479383676
3 1
1 1 370445576
1 1 732531993
1 2 405702486
1 2 11612226
1 2 431329811
1 1 101937926
2 1
2 1
2 1
4 1
1 2 470453690
3 2
4 2
1 2 351726022
3 1
3 2
1 2 877608551
2 2
1 2 19801696
1 1 998929919
2 1
1 2 833307417
3 1
2 2
1 1 868630346
4 1
3 1
3 1
1 2 65861622
3 1
3 2
1 1 544849015
1 1 543778933
2 2
3 2
2 1
4 1
2 2
1 1 158914226
1 2 766188258
3 2
1 2 814548573
1 2 741597976
4 1
1 2 289813397
4 1
3 1
3 2
4 1
3 2
1 2 283229854
3 1
4 2
1 2 144342089
1 2 958890662
1 1 553004989
4 1
2 1
4 1
3 2
2 1
1 1 360679075
1 1 903758705
1 2 838025827
1 2 86197316
3 1
4 1
2 1
3 1
1 2 427585005
1 2 514996070
1 1 810892441
4 1
1 2 426526364
3 2
4 1
4 2
1 1 959540913
3 1
4 1
3 1
1 1 237043545
1 1 592259669
3 1
1 1 788001327
4 2
1 1 947901357
4 1
1 2 686816170
1 2 726060102
3 2
1 2 714714722
2 2
4 2
1 1 90896587
1 2 68005473
3 2
3 2
1 2 828301788
1 2 702813194
1 1 242145715
4 1
4 2
2 2
4 2
1 1 826496619
1 1 910304750
3 1
1 1 354130999
2 1
4 1
1 2 439407185
4 1
1 2 326724042
4 2
1 2 468288968
4 1
1 1 25405525
3 1
4 2
1 2 875167244
1 1 753191864
1 2 864215264
3 1
4 2
4 2
4 1
1 1 712099583
1 2 280048849
1 2 862757129
3 1
1 2 3090864
1 2 730774460
1 2 336482675
1 1 200697938
4 2
1 1 461449631
1 2 878619357
1 1 443235291
1 2 723284139
1 2 438557619
4 2
3 2
1 1 47954511
1 1 199054280
4 2
4 1
3 1
4 1
1 2 496419051
3 1
1 2 972885230
1 2 582058127
1 1 480566036
2 1
1 1 150596244
1 2 378766902
2 2
1 2 534191774
3 2
3 2
1 2 458576248
1 2 351144642
1 1 278858237
2 1
2 2
1 1 235677066
3 1
3 2
1 1 647162743
1 1 463971110
1 2 626039696
2 1
2 1
2 2
3 1
4 1
1 1 803567174
2 2
4 1
3 2
3 2
1 1 553526832
1 2 850514092
1 1 691198305
4 2
1 1 40786234
4 1
1 2 292669868
1 1 156599224
4 2
3 1
1 1 87987044
1 2 12781823
1 1 437255696
3 1
4 1
1 2 851717078
4 2
3 1
4 1
1 1 764137709
3 2
2 2
4 2
4 1
3 2
1 1 557832744
3 2
4 1
4 2
1 1 78577365
4 2
1 1 899598420
1 1 287730302
2 1
2 1
2 1
4 1
3 2
2 1
1 2 722490747
1 1 667296421
3 1
1 1 699506459
3 1
1 1 804212838
1 1 91943139
2 1
4 2
1 1 157372181
1 1 236215623
2 1
1 1 41360717
2 2
3 1
1 2 144240251
1 2 48854669
2 2
1 2 913129028
3 2
4 2
1 1 51696774
1 1 969972643
4 1
1 2 938028173
4 1
2 2
1 1 673727031
1 1 596830378
4 2
1 2 743546227
1 2 216663132
1 1 39419005
4 1
2 2
1 1 328442052
3 2
1 2 484543590
2 2
1 1 658625880
4 1
2 1
4 2
1 2 46255254
1 2 398407334
4 2
1 2 550079001
3 2
1 2 357208114
1 2 450730146
1 2 435628995
1 2 94254874
4 2
1 1 862593405
1 2 284526860
4 1
1 1 115613276
1 2 940059301
2 2
4 2
1 1 594473839
1 2 31270794
1 2 724698938
1 2 591086124
1 2 595614870
4 2
3 1
3 1
4 2
1 1 284259389
1 1 307283746
1 2 29667326
1 1 570396706
1 2 17747323
3 1
1 2 326930230
2 1
1 1 66483831
2 2
1 2 268257193
2 2
3 2
1 1 433666411
1 1 463333737
1 1 33730442
1 2 51477765
1 2 132951023
1 2 609840041
3 2
1 1 181637339
2 1
1 2 550599099
2 1
4 2
1 1 45503653
1 1 347429507
3 2
1 2 364222820
4 2
1 2 96428239
1 2 93952574
1 2 128106265
1 2 846062505
1 2 568156820
1 2 554784035
3 2
4 1
1 2 133486570
1 1 111919267
1 1 133368268
1 2 229796506
1 1 176265432
1 2 304371696
1 1 150434200
1 1 571107371
2 2
1 2 657449715
2 1
2 2
2 2
2 2
1 2 36690208
1 1 266486713
1 1 442752144
3 2
1 1 21769105
1 1 63045407
4 1
2 1
1 2 730801312
4 1
1 1 11905690
3 1
2 2
1 1 857188119
2 1
1 2 784046957
1 2 342260855
1 2 751064194
1 1 153466860
4 1
1 1 692916945
3 1
1 1 459653122
3 1
1 1 237777144
2 1
2 2
1 1 376358510
1 2 718619364
3 1
3 1
1 2 539689712
1 1 673027982
2 1
2 1
1 2 9452995
1 2 987866003
3 1
1 2 970533474
1 2 199408335
2 2
1 1 27676556
1 1 728454383
1 1 391347843
3 2
4 1
2 2
3 1
1 2 664528038
1 1 747782663
4 2
4 1
2 1
1 1 540784873
2 2
1 1 776982877
1 1 168330719
3 2
4 1
1 2 427429750
3 2
1 1 606723100
3 1
3 1
1 1 656959852
2 1
2 2
1 1 188597243
1 1 390536799
1 1 683080706
4 1
1 2 113280402
1 1 112035907
2 1
1 2 918696215
3 2
4 1
1 2 413609123
4 1
3 1
1 2 351892781
1 2 23546658
3 1
4 2
4 1
3 2
3 2
1 2 263198727
4 2
1 2 146992569
1 1 560601691
3 1
3 1
1 1 785380183
1 2 808926840
3 2
3 2
3 1
2 1
3 1
4 1
2 2
2 2
1 2 542971312
1 1 127889092
1 1 561376494
1 1 346756677
1 2 8199868
2 1
1 2 72393208
1 1 223268948
1 2 78910035
2 1
4 1
1 2 697722113
1 2 744132841
1 1 531807333
2 2
4 2
1 1 683820514
3 2
1 2 478938135
1 1 702207082
1 2 781117116
2 2
1 1 865131797
3 1
3 1
1 1 697191457
1 1 867420928
2 2
3 1
1 2 382717764
1 1 861655898
2 1
1 2 625760392
1 2 99297819
1 2 964429615
1 2 469159796
4 2
1 2 424501524
4 1
1 2 784880338
2 2
1 1 619458100
1 2 342271221
4 2
2 1
3 1
1 2 12194500
1 1 922699715
3 2
1 1 591277083
2 2
3 1
3 2
1 1 806392570
1 2 489133147
1 2 635408186
4 1
4 2
4 1
3 1
1 1 887356854
1 2 564172623
1 2 665489916
1 1 141733472
1 2 116559775
3 2
1 2 327375908
2 1
1 1 173491196
4 1
3 1
3 1
1 2 830484178
3 1
1 2 357201039
4 2
1 2 908838112
1 2 819277451
1 2 314459430
1 1 31622567
1 2 57630114
1 2 183583948
4 2
4 2
3 2
2 2
1 1 318537832
3 2
1 2 757739390
1 2 429533192
1 1 743992621
1 1 628131539
3 2
2 2
1 1 198047843
3 1
1 1 100735968
3 2
1 2 128699641
1 1 244741234
1 2 632587725
1 1 982998226
2 2
1 2 58480486
2 2
4 1
1 2 935529763
2 2
1 1 415413277
1 2 720517845
4 1
2 2
1 2 750197460
4 1
4 1
2 1
1 1 777899571
1 2 374658060
1 2 840762147
1 1 302923105
1 1 718336381
1 1 291370578
2 1
3 1
4 2
2 2
2 2
2 1
1 2 49736321
2 2
1 1 636591448
2 2
4 2
1 2 873260997
2 2
1 1 978496183
1 1 882486338
4 2
1 1 940468707
4 1
1 2 279159630
4 1
1 2 955968464
4 1
1 2 273298730
1 1 146559726
1 1 29324778
1 1 248778866
1 2 491946316
4 1
4 2
1 2 142844981
1 2 299800782
2 2
1 1 878262316
3 1
1 2 456557016
1 2 819796012
1 1 561727089
1 1 968891257
1 2 916564402
1 1 657222605
3 1
1 1 593406114
4 2
1 2 417297672
4 2
4 2
4 1
3 1
3 1
1 1 297718478
1 1 310875445
1 2 648300639
1 1 347474819
1 1 256039226
4 1
1 2 619613800
1 2 572504812
4 1
1 1 28862037
3 1
2 1
1 1 78072624
2 1
1 1 62945090
3 1
4 1
4 1
1 2 181186990
1 1 113212518
3 2
3 1
4 1
1 2 571281207
1 1 908496610
1 2 503136929
4 2
1 1 809135669
2 2
3 1
1 1 32612590
4 2
4 1
2 2
1 2 541749801
4 1
1 2 498004333
1 1 382302718
2 1
1 1 6138834
1 1 877746957
4 2
3 2
1 2 169129521
1 1 754812343
1 2 983670404
3 1
1 2 351243909
4 2
3 1
1 2 23474269
1 2 29613102
1 1 759876410
1 2 297901610
4 1
1 1 259963429
4 1
1 1 226956278
2 1
1 1 38064853
4 1
3 2
1 2 480010782
1 2 509623884
2 2
1 2 849835369
1 2 312575387
1 2 572538815
2 2
1 1 60311956
1 1 22396161
4 2
2 2
4 1
2 2
1 1 9352103
2 1
2 2
2 2
1 1 522125436
1 2 947180602
2 2
1 2 922262033
3 1
1 2 884558348
3 1
1 1 897026863
1 1 472004649
4 2
3 1
2 1
1 1 834519173
3 1
1 2 592182407
1 2 901506760
1 1 905673860
4 2
3 2
1 2 179975961
1 1 349791741
1 1 860642077
4 1
2 2
3 2
2 1
1 2 851013271
1 1 918307666
1 2 684190196
1 2 15169448
2 1
4 1
3 2
4 2
1 2 363692848
1 2 50752811
4 2
4 2
3 2
1 1 414036836
4 2
1 1 643643074
1 2 511328873
2 1
2 1
3 1
2 2
1 1 934167171
1 2 837436333
4 2
3 1
1 2 996421218
2 2
1 1 985802769
1 2 77611519
1 2 603891714
1 1 112087052
3 1
3 1
3 1
1 1 740071469
2 2
4 2
1 1 158476965
2 2
4 2
1 2 80867244
4 2
2 1
4 2
1 1 991972669
1 2 117496911
4 2
3 2
2 2
4 1
3 2
3 2
3 2
1 2 363067240
3 1
1 2 961841721
1 1 251280822
4 2
1 2 10149255
2 1
4 1
1 2 169803846
2 2
3 1
3 2
1 2 181904996
2 1
4 2
1 2 138273260
1 2 242070434
3 1
1 2 804855655
3 1
1 1 487146935
2 2
1 1 947315458
2 1
1 2 35194007
1 1 210982211
1 2 713581948
1 2 125858523
1 1 444230637
1 1 878716257
4 1
1 2 780101921
3 1
3 2
1 2 631712183
4 1
2 2
1 2 189828158
4 1
3 1
4 1
1 2 326015616
1 1 204731872
1 1 122609542
1 2 527634146
1 2 540303225
2 1
1 1 37657119
